{
 "cells": [
  {
   "cell_type": "markdown",
   "id": "989c11af-38b2-4dfa-91e7-6f4c47684eaf",
   "metadata": {},
   "source": [
    "<p style=\"text-align:center\">\n",
    "    <a href=\"https://skills.network\" target=\"_blank\">\n",
    "    <img src=\"https://cf-courses-data.s3.us.cloud-object-storage.appdomain.cloud/assets/logos/SN_web_lightmode.png\" width=\"300\" alt=\"Skills Network Logo\">\n",
    "    </a>\n",
    "</p>\n",
    "\n",
    "\n",
    "# Exploratory Data Analysis\n",
    "\n",
    "\n",
    "Estimated time needed: **30** minutes\n",
    "    \n",
    "\n",
    "## Objectives\n",
    "\n",
    "After completing this lab you will be able to:\n",
    "\n",
    "* Explore features or characteristics to predict price of car\n",
    "* Analyze patterns and run descriptive statistical analysis\n",
    "* Group data based on identified parameters and create pivot tables\n",
    "* Identify the effect of independent attributes on price of cars\n"
   ]
  },
  {
   "cell_type": "markdown",
   "id": "43ea52b3-24cb-4c74-b695-017c8c07a3ac",
   "metadata": {},
   "source": [
    "<h2>Table of Contents</h2>\n",
    "\n",
    "<div class=\"alert alert-block alert-info\" style=\"margin-top: 20px\">\n",
    "<ol>\n",
    "    <li><a href=\"#import_data\">Import Data from Module</a></li>\n",
    "    <li><a href=\"#pattern_visualization\">Analyzing Individual Feature Patterns using Visualization</a></li>\n",
    "    <li><a href=\"#discriptive_statistics\">Descriptive Statistical Analysis</a></li>\n",
    "    <li><a href=\"#basic_grouping\">Basics of Grouping</a></li>\n",
    "    <li><a href=\"#correlation_causation\">Correlation and Causation</a></li>\n",
    "</ol>\n",
    "\n",
    "</div>\n",
    " \n",
    "<hr>\n"
   ]
  },
  {
   "cell_type": "markdown",
   "id": "e9f2ae84-b3d8-4696-aac5-201aee93a4ff",
   "metadata": {},
   "source": [
    "<h3>What are the main characteristics that have the most impact on the car price?</h3>\n"
   ]
  },
  {
   "cell_type": "markdown",
   "id": "cf284640-0aed-4f72-b0d4-03d75973ff5b",
   "metadata": {},
   "source": [
    "Import libraries: \n"
   ]
  },
  {
   "cell_type": "markdown",
   "id": "738ad24f-3bf4-4aa0-8263-44895f1b7c70",
   "metadata": {},
   "source": [
    "Load the data and store it in dataframe `df`:\n"
   ]
  },
  {
   "cell_type": "code",
   "execution_count": 2,
   "metadata": {},
   "outputs": [
    {
     "data": {
      "text/html": [
       "<div>\n",
       "<style scoped>\n",
       "    .dataframe tbody tr th:only-of-type {\n",
       "        vertical-align: middle;\n",
       "    }\n",
       "\n",
       "    .dataframe tbody tr th {\n",
       "        vertical-align: top;\n",
       "    }\n",
       "\n",
       "    .dataframe thead th {\n",
       "        text-align: right;\n",
       "    }\n",
       "</style>\n",
       "<table border=\"1\" class=\"dataframe\">\n",
       "  <thead>\n",
       "    <tr style=\"text-align: right;\">\n",
       "      <th></th>\n",
       "      <th>Unnamed: 0</th>\n",
       "      <th>symboling</th>\n",
       "      <th>normalized-losses</th>\n",
       "      <th>make</th>\n",
       "      <th>num-of-doors</th>\n",
       "      <th>body-style</th>\n",
       "      <th>drive-wheels</th>\n",
       "      <th>engine-location</th>\n",
       "      <th>wheel-base</th>\n",
       "      <th>length</th>\n",
       "      <th>...</th>\n",
       "      <th>peak-rpm</th>\n",
       "      <th>city-mpg</th>\n",
       "      <th>highway-mpg</th>\n",
       "      <th>price</th>\n",
       "      <th>city-L/100km</th>\n",
       "      <th>horsepower-binned</th>\n",
       "      <th>fuel-type-diesel</th>\n",
       "      <th>fuel-type-gas</th>\n",
       "      <th>aspiration-std</th>\n",
       "      <th>aspiration-turbo</th>\n",
       "    </tr>\n",
       "  </thead>\n",
       "  <tbody>\n",
       "    <tr>\n",
       "      <th>0</th>\n",
       "      <td>0</td>\n",
       "      <td>3</td>\n",
       "      <td>122</td>\n",
       "      <td>alfa-romero</td>\n",
       "      <td>two</td>\n",
       "      <td>convertible</td>\n",
       "      <td>rwd</td>\n",
       "      <td>front</td>\n",
       "      <td>88.6</td>\n",
       "      <td>0.811148</td>\n",
       "      <td>...</td>\n",
       "      <td>5000.0</td>\n",
       "      <td>21</td>\n",
       "      <td>8.703704</td>\n",
       "      <td>13495.0</td>\n",
       "      <td>11.190476</td>\n",
       "      <td>Low</td>\n",
       "      <td>False</td>\n",
       "      <td>True</td>\n",
       "      <td>True</td>\n",
       "      <td>False</td>\n",
       "    </tr>\n",
       "    <tr>\n",
       "      <th>1</th>\n",
       "      <td>1</td>\n",
       "      <td>3</td>\n",
       "      <td>122</td>\n",
       "      <td>alfa-romero</td>\n",
       "      <td>two</td>\n",
       "      <td>convertible</td>\n",
       "      <td>rwd</td>\n",
       "      <td>front</td>\n",
       "      <td>88.6</td>\n",
       "      <td>0.811148</td>\n",
       "      <td>...</td>\n",
       "      <td>5000.0</td>\n",
       "      <td>21</td>\n",
       "      <td>8.703704</td>\n",
       "      <td>16500.0</td>\n",
       "      <td>11.190476</td>\n",
       "      <td>Low</td>\n",
       "      <td>False</td>\n",
       "      <td>True</td>\n",
       "      <td>True</td>\n",
       "      <td>False</td>\n",
       "    </tr>\n",
       "    <tr>\n",
       "      <th>2</th>\n",
       "      <td>2</td>\n",
       "      <td>1</td>\n",
       "      <td>122</td>\n",
       "      <td>alfa-romero</td>\n",
       "      <td>two</td>\n",
       "      <td>hatchback</td>\n",
       "      <td>rwd</td>\n",
       "      <td>front</td>\n",
       "      <td>94.5</td>\n",
       "      <td>0.822681</td>\n",
       "      <td>...</td>\n",
       "      <td>5000.0</td>\n",
       "      <td>19</td>\n",
       "      <td>9.038462</td>\n",
       "      <td>16500.0</td>\n",
       "      <td>12.368421</td>\n",
       "      <td>Medium</td>\n",
       "      <td>False</td>\n",
       "      <td>True</td>\n",
       "      <td>True</td>\n",
       "      <td>False</td>\n",
       "    </tr>\n",
       "    <tr>\n",
       "      <th>3</th>\n",
       "      <td>3</td>\n",
       "      <td>2</td>\n",
       "      <td>164</td>\n",
       "      <td>audi</td>\n",
       "      <td>four</td>\n",
       "      <td>sedan</td>\n",
       "      <td>fwd</td>\n",
       "      <td>front</td>\n",
       "      <td>99.8</td>\n",
       "      <td>0.848630</td>\n",
       "      <td>...</td>\n",
       "      <td>5500.0</td>\n",
       "      <td>24</td>\n",
       "      <td>7.833333</td>\n",
       "      <td>13950.0</td>\n",
       "      <td>9.791667</td>\n",
       "      <td>Low</td>\n",
       "      <td>False</td>\n",
       "      <td>True</td>\n",
       "      <td>True</td>\n",
       "      <td>False</td>\n",
       "    </tr>\n",
       "    <tr>\n",
       "      <th>4</th>\n",
       "      <td>4</td>\n",
       "      <td>2</td>\n",
       "      <td>164</td>\n",
       "      <td>audi</td>\n",
       "      <td>four</td>\n",
       "      <td>sedan</td>\n",
       "      <td>4wd</td>\n",
       "      <td>front</td>\n",
       "      <td>99.4</td>\n",
       "      <td>0.848630</td>\n",
       "      <td>...</td>\n",
       "      <td>5500.0</td>\n",
       "      <td>18</td>\n",
       "      <td>10.681818</td>\n",
       "      <td>17450.0</td>\n",
       "      <td>13.055556</td>\n",
       "      <td>Low</td>\n",
       "      <td>False</td>\n",
       "      <td>True</td>\n",
       "      <td>True</td>\n",
       "      <td>False</td>\n",
       "    </tr>\n",
       "  </tbody>\n",
       "</table>\n",
       "<p>5 rows × 31 columns</p>\n",
       "</div>"
      ],
      "text/plain": [
       "   Unnamed: 0  symboling  normalized-losses         make num-of-doors  \\\n",
       "0           0          3                122  alfa-romero          two   \n",
       "1           1          3                122  alfa-romero          two   \n",
       "2           2          1                122  alfa-romero          two   \n",
       "3           3          2                164         audi         four   \n",
       "4           4          2                164         audi         four   \n",
       "\n",
       "    body-style drive-wheels engine-location  wheel-base    length  ...  \\\n",
       "0  convertible          rwd           front        88.6  0.811148  ...   \n",
       "1  convertible          rwd           front        88.6  0.811148  ...   \n",
       "2    hatchback          rwd           front        94.5  0.822681  ...   \n",
       "3        sedan          fwd           front        99.8  0.848630  ...   \n",
       "4        sedan          4wd           front        99.4  0.848630  ...   \n",
       "\n",
       "   peak-rpm  city-mpg  highway-mpg    price city-L/100km  horsepower-binned  \\\n",
       "0    5000.0        21     8.703704  13495.0    11.190476                Low   \n",
       "1    5000.0        21     8.703704  16500.0    11.190476                Low   \n",
       "2    5000.0        19     9.038462  16500.0    12.368421             Medium   \n",
       "3    5500.0        24     7.833333  13950.0     9.791667                Low   \n",
       "4    5500.0        18    10.681818  17450.0    13.055556                Low   \n",
       "\n",
       "  fuel-type-diesel  fuel-type-gas  aspiration-std  aspiration-turbo  \n",
       "0            False           True            True             False  \n",
       "1            False           True            True             False  \n",
       "2            False           True            True             False  \n",
       "3            False           True            True             False  \n",
       "4            False           True            True             False  \n",
       "\n",
       "[5 rows x 31 columns]"
      ]
     },
     "execution_count": 2,
     "metadata": {},
     "output_type": "execute_result"
    }
   ],
   "source": [
    "import pandas as pd\n",
    "url = \"C:/Users/priya/Downloads/Skills $ certificates/Data analysis using Python/automobile/car_clean_df.csv\" \n",
    "df = pd.read_csv(url)\n",
    "df.head(5)"
   ]
  },
  {
   "cell_type": "markdown",
   "id": "52440616-9b24-4ed0-ad93-d7d9bffc5f57",
   "metadata": {},
   "source": [
    "<h2 id=\"pattern_visualization\">2. Analyzing Individual Feature Patterns Using Visualization</h2>\n"
   ]
  },
  {
   "cell_type": "markdown",
   "id": "81a009cc-b56c-4220-9eea-22d35571fd9d",
   "metadata": {},
   "source": [
    "To install Seaborn we use pip, the Python package manager.\n"
   ]
  },
  {
   "cell_type": "markdown",
   "id": "91a4d224-93d5-4a63-bda3-d0beaacc60b0",
   "metadata": {},
   "source": [
    "Import visualization packages \"Matplotlib\" and \"Seaborn\". Don't forget about \"%matplotlib inline\" to plot in a Jupyter notebook.\n"
   ]
  },
  {
   "cell_type": "code",
   "execution_count": 3,
   "id": "b5034b28-282d-48a8-963e-f99de5a4efe0",
   "metadata": {},
   "outputs": [],
   "source": [
    "import matplotlib.pyplot as plt\n",
    "import seaborn as sns\n",
    "%matplotlib inline "
   ]
  },
  {
   "cell_type": "markdown",
   "id": "fd33df0a-a332-422e-a253-c3d9d3b31423",
   "metadata": {},
   "source": [
    "<h4>How to choose the right visualization method?</h4>\n",
    "<p>When visualizing individual variables, it is important to first understand what type of variable you are dealing with. This will help us find the right visualization method for that variable.</p>\n"
   ]
  },
  {
   "cell_type": "code",
   "execution_count": 4,
   "id": "bca2f808-48ac-4d56-9105-7051f1dcb663",
   "metadata": {},
   "outputs": [
    {
     "name": "stdout",
     "output_type": "stream",
     "text": [
      "Unnamed: 0             int64\n",
      "symboling              int64\n",
      "normalized-losses      int64\n",
      "make                  object\n",
      "num-of-doors          object\n",
      "body-style            object\n",
      "drive-wheels          object\n",
      "engine-location       object\n",
      "wheel-base           float64\n",
      "length               float64\n",
      "width                float64\n",
      "height               float64\n",
      "curb-weight            int64\n",
      "engine-type           object\n",
      "num-of-cylinders      object\n",
      "engine-size            int64\n",
      "fuel-system           object\n",
      "bore                 float64\n",
      "stroke               float64\n",
      "compression-ratio    float64\n",
      "horsepower             int64\n",
      "peak-rpm             float64\n",
      "city-mpg               int64\n",
      "highway-mpg          float64\n",
      "price                float64\n",
      "city-L/100km         float64\n",
      "horsepower-binned     object\n",
      "fuel-type-diesel        bool\n",
      "fuel-type-gas           bool\n",
      "aspiration-std          bool\n",
      "aspiration-turbo        bool\n",
      "dtype: object\n"
     ]
    }
   ],
   "source": [
    "# list the data types for each column\n",
    "print(df.dtypes)"
   ]
  },
  {
   "cell_type": "markdown",
   "id": "c8d7c216-2cb5-4bc3-b47c-e30844abd19d",
   "metadata": {},
   "source": [
    "<div class=\"alert alert-danger alertdanger\" style=\"margin-top: 20px\">\n",
    "<h3>Question  #1:</h3>\n",
    "\n",
    "<b>What is the data type of the column \"peak-rpm\"? </b>\n",
    "</div>\n"
   ]
  },
  {
   "cell_type": "code",
   "execution_count": 7,
   "id": "db3a66e1-9a1a-4a89-bd22-da3e8a704cd8",
   "metadata": {},
   "outputs": [
    {
     "data": {
      "text/plain": [
       "dtype('float64')"
      ]
     },
     "execution_count": 7,
     "metadata": {},
     "output_type": "execute_result"
    }
   ],
   "source": [
    "# Write your code below and press Shift+Enter to execute \n",
    "df.dtypes[\"peak-rpm\"]\n",
    "df['peak-rpm'].dtypes"
   ]
  },
  {
   "cell_type": "markdown",
   "id": "481820dc-a786-4330-b5c8-08bdb84cb034",
   "metadata": {},
   "source": [
    "For example, we can calculate the correlation between variables  of type \"int64\" or \"float64\" using the method \"corr\":\n"
   ]
  },
  {
   "cell_type": "code",
   "execution_count": 8,
   "id": "5d2ba248-0c23-484f-9356-91ef30125041",
   "metadata": {},
   "outputs": [
    {
     "data": {
      "text/html": [
       "<div>\n",
       "<style scoped>\n",
       "    .dataframe tbody tr th:only-of-type {\n",
       "        vertical-align: middle;\n",
       "    }\n",
       "\n",
       "    .dataframe tbody tr th {\n",
       "        vertical-align: top;\n",
       "    }\n",
       "\n",
       "    .dataframe thead th {\n",
       "        text-align: right;\n",
       "    }\n",
       "</style>\n",
       "<table border=\"1\" class=\"dataframe\">\n",
       "  <thead>\n",
       "    <tr style=\"text-align: right;\">\n",
       "      <th></th>\n",
       "      <th>Unnamed: 0</th>\n",
       "      <th>symboling</th>\n",
       "      <th>normalized-losses</th>\n",
       "      <th>wheel-base</th>\n",
       "      <th>length</th>\n",
       "      <th>width</th>\n",
       "      <th>height</th>\n",
       "      <th>curb-weight</th>\n",
       "      <th>engine-size</th>\n",
       "      <th>bore</th>\n",
       "      <th>stroke</th>\n",
       "      <th>compression-ratio</th>\n",
       "      <th>horsepower</th>\n",
       "      <th>peak-rpm</th>\n",
       "      <th>city-mpg</th>\n",
       "      <th>highway-mpg</th>\n",
       "      <th>price</th>\n",
       "      <th>city-L/100km</th>\n",
       "    </tr>\n",
       "  </thead>\n",
       "  <tbody>\n",
       "    <tr>\n",
       "      <th>Unnamed: 0</th>\n",
       "      <td>1.000000</td>\n",
       "      <td>-0.162764</td>\n",
       "      <td>-0.241092</td>\n",
       "      <td>0.125517</td>\n",
       "      <td>0.161848</td>\n",
       "      <td>0.043976</td>\n",
       "      <td>0.252015</td>\n",
       "      <td>0.064820</td>\n",
       "      <td>-0.047764</td>\n",
       "      <td>0.244734</td>\n",
       "      <td>-0.162490</td>\n",
       "      <td>0.144301</td>\n",
       "      <td>-0.022505</td>\n",
       "      <td>-0.195662</td>\n",
       "      <td>0.027956</td>\n",
       "      <td>-0.078346</td>\n",
       "      <td>-0.118214</td>\n",
       "      <td>-0.099157</td>\n",
       "    </tr>\n",
       "    <tr>\n",
       "      <th>symboling</th>\n",
       "      <td>-0.162764</td>\n",
       "      <td>1.000000</td>\n",
       "      <td>0.466264</td>\n",
       "      <td>-0.535987</td>\n",
       "      <td>-0.365404</td>\n",
       "      <td>-0.242423</td>\n",
       "      <td>-0.550160</td>\n",
       "      <td>-0.233118</td>\n",
       "      <td>-0.110581</td>\n",
       "      <td>-0.140019</td>\n",
       "      <td>-0.008153</td>\n",
       "      <td>-0.182196</td>\n",
       "      <td>0.075810</td>\n",
       "      <td>0.279740</td>\n",
       "      <td>-0.035527</td>\n",
       "      <td>-0.029807</td>\n",
       "      <td>-0.082391</td>\n",
       "      <td>0.066171</td>\n",
       "    </tr>\n",
       "    <tr>\n",
       "      <th>normalized-losses</th>\n",
       "      <td>-0.241092</td>\n",
       "      <td>0.466264</td>\n",
       "      <td>1.000000</td>\n",
       "      <td>-0.056661</td>\n",
       "      <td>0.019424</td>\n",
       "      <td>0.086802</td>\n",
       "      <td>-0.373737</td>\n",
       "      <td>0.099404</td>\n",
       "      <td>0.112360</td>\n",
       "      <td>-0.029862</td>\n",
       "      <td>0.055045</td>\n",
       "      <td>-0.114713</td>\n",
       "      <td>0.217300</td>\n",
       "      <td>0.239543</td>\n",
       "      <td>-0.225016</td>\n",
       "      <td>0.181189</td>\n",
       "      <td>0.133999</td>\n",
       "      <td>0.238567</td>\n",
       "    </tr>\n",
       "    <tr>\n",
       "      <th>wheel-base</th>\n",
       "      <td>0.125517</td>\n",
       "      <td>-0.535987</td>\n",
       "      <td>-0.056661</td>\n",
       "      <td>1.000000</td>\n",
       "      <td>0.876024</td>\n",
       "      <td>0.814507</td>\n",
       "      <td>0.590742</td>\n",
       "      <td>0.782097</td>\n",
       "      <td>0.572027</td>\n",
       "      <td>0.493244</td>\n",
       "      <td>0.158018</td>\n",
       "      <td>0.250313</td>\n",
       "      <td>0.371178</td>\n",
       "      <td>-0.360305</td>\n",
       "      <td>-0.470606</td>\n",
       "      <td>0.577576</td>\n",
       "      <td>0.584642</td>\n",
       "      <td>0.476153</td>\n",
       "    </tr>\n",
       "    <tr>\n",
       "      <th>length</th>\n",
       "      <td>0.161848</td>\n",
       "      <td>-0.365404</td>\n",
       "      <td>0.019424</td>\n",
       "      <td>0.876024</td>\n",
       "      <td>1.000000</td>\n",
       "      <td>0.857170</td>\n",
       "      <td>0.492063</td>\n",
       "      <td>0.880665</td>\n",
       "      <td>0.685025</td>\n",
       "      <td>0.608971</td>\n",
       "      <td>0.123952</td>\n",
       "      <td>0.159733</td>\n",
       "      <td>0.579795</td>\n",
       "      <td>-0.285970</td>\n",
       "      <td>-0.665192</td>\n",
       "      <td>0.707108</td>\n",
       "      <td>0.690628</td>\n",
       "      <td>0.657373</td>\n",
       "    </tr>\n",
       "    <tr>\n",
       "      <th>width</th>\n",
       "      <td>0.043976</td>\n",
       "      <td>-0.242423</td>\n",
       "      <td>0.086802</td>\n",
       "      <td>0.814507</td>\n",
       "      <td>0.857170</td>\n",
       "      <td>1.000000</td>\n",
       "      <td>0.306002</td>\n",
       "      <td>0.866201</td>\n",
       "      <td>0.729436</td>\n",
       "      <td>0.544885</td>\n",
       "      <td>0.188822</td>\n",
       "      <td>0.189867</td>\n",
       "      <td>0.615056</td>\n",
       "      <td>-0.245800</td>\n",
       "      <td>-0.633531</td>\n",
       "      <td>0.736728</td>\n",
       "      <td>0.751265</td>\n",
       "      <td>0.673363</td>\n",
       "    </tr>\n",
       "    <tr>\n",
       "      <th>height</th>\n",
       "      <td>0.252015</td>\n",
       "      <td>-0.550160</td>\n",
       "      <td>-0.373737</td>\n",
       "      <td>0.590742</td>\n",
       "      <td>0.492063</td>\n",
       "      <td>0.306002</td>\n",
       "      <td>1.000000</td>\n",
       "      <td>0.307581</td>\n",
       "      <td>0.074694</td>\n",
       "      <td>0.180449</td>\n",
       "      <td>-0.060663</td>\n",
       "      <td>0.259737</td>\n",
       "      <td>-0.087001</td>\n",
       "      <td>-0.309974</td>\n",
       "      <td>-0.049800</td>\n",
       "      <td>0.084301</td>\n",
       "      <td>0.135486</td>\n",
       "      <td>0.003811</td>\n",
       "    </tr>\n",
       "    <tr>\n",
       "      <th>curb-weight</th>\n",
       "      <td>0.064820</td>\n",
       "      <td>-0.233118</td>\n",
       "      <td>0.099404</td>\n",
       "      <td>0.782097</td>\n",
       "      <td>0.880665</td>\n",
       "      <td>0.866201</td>\n",
       "      <td>0.307581</td>\n",
       "      <td>1.000000</td>\n",
       "      <td>0.849072</td>\n",
       "      <td>0.644060</td>\n",
       "      <td>0.167438</td>\n",
       "      <td>0.156433</td>\n",
       "      <td>0.757981</td>\n",
       "      <td>-0.279361</td>\n",
       "      <td>-0.749543</td>\n",
       "      <td>0.836921</td>\n",
       "      <td>0.834415</td>\n",
       "      <td>0.785353</td>\n",
       "    </tr>\n",
       "    <tr>\n",
       "      <th>engine-size</th>\n",
       "      <td>-0.047764</td>\n",
       "      <td>-0.110581</td>\n",
       "      <td>0.112360</td>\n",
       "      <td>0.572027</td>\n",
       "      <td>0.685025</td>\n",
       "      <td>0.729436</td>\n",
       "      <td>0.074694</td>\n",
       "      <td>0.849072</td>\n",
       "      <td>1.000000</td>\n",
       "      <td>0.572609</td>\n",
       "      <td>0.205928</td>\n",
       "      <td>0.028889</td>\n",
       "      <td>0.822668</td>\n",
       "      <td>-0.256733</td>\n",
       "      <td>-0.650546</td>\n",
       "      <td>0.783465</td>\n",
       "      <td>0.872335</td>\n",
       "      <td>0.745059</td>\n",
       "    </tr>\n",
       "    <tr>\n",
       "      <th>bore</th>\n",
       "      <td>0.244734</td>\n",
       "      <td>-0.140019</td>\n",
       "      <td>-0.029862</td>\n",
       "      <td>0.493244</td>\n",
       "      <td>0.608971</td>\n",
       "      <td>0.544885</td>\n",
       "      <td>0.180449</td>\n",
       "      <td>0.644060</td>\n",
       "      <td>0.572609</td>\n",
       "      <td>1.000000</td>\n",
       "      <td>-0.055390</td>\n",
       "      <td>0.001263</td>\n",
       "      <td>0.566903</td>\n",
       "      <td>-0.267392</td>\n",
       "      <td>-0.582027</td>\n",
       "      <td>0.559112</td>\n",
       "      <td>0.543155</td>\n",
       "      <td>0.554610</td>\n",
       "    </tr>\n",
       "    <tr>\n",
       "      <th>stroke</th>\n",
       "      <td>-0.162490</td>\n",
       "      <td>-0.008153</td>\n",
       "      <td>0.055045</td>\n",
       "      <td>0.158018</td>\n",
       "      <td>0.123952</td>\n",
       "      <td>0.188822</td>\n",
       "      <td>-0.060663</td>\n",
       "      <td>0.167438</td>\n",
       "      <td>0.205928</td>\n",
       "      <td>-0.055390</td>\n",
       "      <td>1.000000</td>\n",
       "      <td>0.187871</td>\n",
       "      <td>0.098128</td>\n",
       "      <td>-0.063561</td>\n",
       "      <td>-0.033956</td>\n",
       "      <td>0.047089</td>\n",
       "      <td>0.082269</td>\n",
       "      <td>0.036133</td>\n",
       "    </tr>\n",
       "    <tr>\n",
       "      <th>compression-ratio</th>\n",
       "      <td>0.144301</td>\n",
       "      <td>-0.182196</td>\n",
       "      <td>-0.114713</td>\n",
       "      <td>0.250313</td>\n",
       "      <td>0.159733</td>\n",
       "      <td>0.189867</td>\n",
       "      <td>0.259737</td>\n",
       "      <td>0.156433</td>\n",
       "      <td>0.028889</td>\n",
       "      <td>0.001263</td>\n",
       "      <td>0.187871</td>\n",
       "      <td>1.000000</td>\n",
       "      <td>-0.214489</td>\n",
       "      <td>-0.435780</td>\n",
       "      <td>0.331425</td>\n",
       "      <td>-0.223361</td>\n",
       "      <td>0.071107</td>\n",
       "      <td>-0.299372</td>\n",
       "    </tr>\n",
       "    <tr>\n",
       "      <th>horsepower</th>\n",
       "      <td>-0.022505</td>\n",
       "      <td>0.075810</td>\n",
       "      <td>0.217300</td>\n",
       "      <td>0.371178</td>\n",
       "      <td>0.579795</td>\n",
       "      <td>0.615056</td>\n",
       "      <td>-0.087001</td>\n",
       "      <td>0.757981</td>\n",
       "      <td>0.822668</td>\n",
       "      <td>0.566903</td>\n",
       "      <td>0.098128</td>\n",
       "      <td>-0.214489</td>\n",
       "      <td>1.000000</td>\n",
       "      <td>0.107884</td>\n",
       "      <td>-0.822192</td>\n",
       "      <td>0.840627</td>\n",
       "      <td>0.809607</td>\n",
       "      <td>0.889482</td>\n",
       "    </tr>\n",
       "    <tr>\n",
       "      <th>peak-rpm</th>\n",
       "      <td>-0.195662</td>\n",
       "      <td>0.279740</td>\n",
       "      <td>0.239543</td>\n",
       "      <td>-0.360305</td>\n",
       "      <td>-0.285970</td>\n",
       "      <td>-0.245800</td>\n",
       "      <td>-0.309974</td>\n",
       "      <td>-0.279361</td>\n",
       "      <td>-0.256733</td>\n",
       "      <td>-0.267392</td>\n",
       "      <td>-0.063561</td>\n",
       "      <td>-0.435780</td>\n",
       "      <td>0.107884</td>\n",
       "      <td>1.000000</td>\n",
       "      <td>-0.115413</td>\n",
       "      <td>0.017694</td>\n",
       "      <td>-0.101616</td>\n",
       "      <td>0.115830</td>\n",
       "    </tr>\n",
       "    <tr>\n",
       "      <th>city-mpg</th>\n",
       "      <td>0.027956</td>\n",
       "      <td>-0.035527</td>\n",
       "      <td>-0.225016</td>\n",
       "      <td>-0.470606</td>\n",
       "      <td>-0.665192</td>\n",
       "      <td>-0.633531</td>\n",
       "      <td>-0.049800</td>\n",
       "      <td>-0.749543</td>\n",
       "      <td>-0.650546</td>\n",
       "      <td>-0.582027</td>\n",
       "      <td>-0.033956</td>\n",
       "      <td>0.331425</td>\n",
       "      <td>-0.822192</td>\n",
       "      <td>-0.115413</td>\n",
       "      <td>1.000000</td>\n",
       "      <td>-0.909024</td>\n",
       "      <td>-0.686571</td>\n",
       "      <td>-0.949713</td>\n",
       "    </tr>\n",
       "    <tr>\n",
       "      <th>highway-mpg</th>\n",
       "      <td>-0.078346</td>\n",
       "      <td>-0.029807</td>\n",
       "      <td>0.181189</td>\n",
       "      <td>0.577576</td>\n",
       "      <td>0.707108</td>\n",
       "      <td>0.736728</td>\n",
       "      <td>0.084301</td>\n",
       "      <td>0.836921</td>\n",
       "      <td>0.783465</td>\n",
       "      <td>0.559112</td>\n",
       "      <td>0.047089</td>\n",
       "      <td>-0.223361</td>\n",
       "      <td>0.840627</td>\n",
       "      <td>0.017694</td>\n",
       "      <td>-0.909024</td>\n",
       "      <td>1.000000</td>\n",
       "      <td>0.801118</td>\n",
       "      <td>0.958306</td>\n",
       "    </tr>\n",
       "    <tr>\n",
       "      <th>price</th>\n",
       "      <td>-0.118214</td>\n",
       "      <td>-0.082391</td>\n",
       "      <td>0.133999</td>\n",
       "      <td>0.584642</td>\n",
       "      <td>0.690628</td>\n",
       "      <td>0.751265</td>\n",
       "      <td>0.135486</td>\n",
       "      <td>0.834415</td>\n",
       "      <td>0.872335</td>\n",
       "      <td>0.543155</td>\n",
       "      <td>0.082269</td>\n",
       "      <td>0.071107</td>\n",
       "      <td>0.809607</td>\n",
       "      <td>-0.101616</td>\n",
       "      <td>-0.686571</td>\n",
       "      <td>0.801118</td>\n",
       "      <td>1.000000</td>\n",
       "      <td>0.789898</td>\n",
       "    </tr>\n",
       "    <tr>\n",
       "      <th>city-L/100km</th>\n",
       "      <td>-0.099157</td>\n",
       "      <td>0.066171</td>\n",
       "      <td>0.238567</td>\n",
       "      <td>0.476153</td>\n",
       "      <td>0.657373</td>\n",
       "      <td>0.673363</td>\n",
       "      <td>0.003811</td>\n",
       "      <td>0.785353</td>\n",
       "      <td>0.745059</td>\n",
       "      <td>0.554610</td>\n",
       "      <td>0.036133</td>\n",
       "      <td>-0.299372</td>\n",
       "      <td>0.889482</td>\n",
       "      <td>0.115830</td>\n",
       "      <td>-0.949713</td>\n",
       "      <td>0.958306</td>\n",
       "      <td>0.789898</td>\n",
       "      <td>1.000000</td>\n",
       "    </tr>\n",
       "  </tbody>\n",
       "</table>\n",
       "</div>"
      ],
      "text/plain": [
       "                   Unnamed: 0  symboling  normalized-losses  wheel-base  \\\n",
       "Unnamed: 0           1.000000  -0.162764          -0.241092    0.125517   \n",
       "symboling           -0.162764   1.000000           0.466264   -0.535987   \n",
       "normalized-losses   -0.241092   0.466264           1.000000   -0.056661   \n",
       "wheel-base           0.125517  -0.535987          -0.056661    1.000000   \n",
       "length               0.161848  -0.365404           0.019424    0.876024   \n",
       "width                0.043976  -0.242423           0.086802    0.814507   \n",
       "height               0.252015  -0.550160          -0.373737    0.590742   \n",
       "curb-weight          0.064820  -0.233118           0.099404    0.782097   \n",
       "engine-size         -0.047764  -0.110581           0.112360    0.572027   \n",
       "bore                 0.244734  -0.140019          -0.029862    0.493244   \n",
       "stroke              -0.162490  -0.008153           0.055045    0.158018   \n",
       "compression-ratio    0.144301  -0.182196          -0.114713    0.250313   \n",
       "horsepower          -0.022505   0.075810           0.217300    0.371178   \n",
       "peak-rpm            -0.195662   0.279740           0.239543   -0.360305   \n",
       "city-mpg             0.027956  -0.035527          -0.225016   -0.470606   \n",
       "highway-mpg         -0.078346  -0.029807           0.181189    0.577576   \n",
       "price               -0.118214  -0.082391           0.133999    0.584642   \n",
       "city-L/100km        -0.099157   0.066171           0.238567    0.476153   \n",
       "\n",
       "                     length     width    height  curb-weight  engine-size  \\\n",
       "Unnamed: 0         0.161848  0.043976  0.252015     0.064820    -0.047764   \n",
       "symboling         -0.365404 -0.242423 -0.550160    -0.233118    -0.110581   \n",
       "normalized-losses  0.019424  0.086802 -0.373737     0.099404     0.112360   \n",
       "wheel-base         0.876024  0.814507  0.590742     0.782097     0.572027   \n",
       "length             1.000000  0.857170  0.492063     0.880665     0.685025   \n",
       "width              0.857170  1.000000  0.306002     0.866201     0.729436   \n",
       "height             0.492063  0.306002  1.000000     0.307581     0.074694   \n",
       "curb-weight        0.880665  0.866201  0.307581     1.000000     0.849072   \n",
       "engine-size        0.685025  0.729436  0.074694     0.849072     1.000000   \n",
       "bore               0.608971  0.544885  0.180449     0.644060     0.572609   \n",
       "stroke             0.123952  0.188822 -0.060663     0.167438     0.205928   \n",
       "compression-ratio  0.159733  0.189867  0.259737     0.156433     0.028889   \n",
       "horsepower         0.579795  0.615056 -0.087001     0.757981     0.822668   \n",
       "peak-rpm          -0.285970 -0.245800 -0.309974    -0.279361    -0.256733   \n",
       "city-mpg          -0.665192 -0.633531 -0.049800    -0.749543    -0.650546   \n",
       "highway-mpg        0.707108  0.736728  0.084301     0.836921     0.783465   \n",
       "price              0.690628  0.751265  0.135486     0.834415     0.872335   \n",
       "city-L/100km       0.657373  0.673363  0.003811     0.785353     0.745059   \n",
       "\n",
       "                       bore    stroke  compression-ratio  horsepower  \\\n",
       "Unnamed: 0         0.244734 -0.162490           0.144301   -0.022505   \n",
       "symboling         -0.140019 -0.008153          -0.182196    0.075810   \n",
       "normalized-losses -0.029862  0.055045          -0.114713    0.217300   \n",
       "wheel-base         0.493244  0.158018           0.250313    0.371178   \n",
       "length             0.608971  0.123952           0.159733    0.579795   \n",
       "width              0.544885  0.188822           0.189867    0.615056   \n",
       "height             0.180449 -0.060663           0.259737   -0.087001   \n",
       "curb-weight        0.644060  0.167438           0.156433    0.757981   \n",
       "engine-size        0.572609  0.205928           0.028889    0.822668   \n",
       "bore               1.000000 -0.055390           0.001263    0.566903   \n",
       "stroke            -0.055390  1.000000           0.187871    0.098128   \n",
       "compression-ratio  0.001263  0.187871           1.000000   -0.214489   \n",
       "horsepower         0.566903  0.098128          -0.214489    1.000000   \n",
       "peak-rpm          -0.267392 -0.063561          -0.435780    0.107884   \n",
       "city-mpg          -0.582027 -0.033956           0.331425   -0.822192   \n",
       "highway-mpg        0.559112  0.047089          -0.223361    0.840627   \n",
       "price              0.543155  0.082269           0.071107    0.809607   \n",
       "city-L/100km       0.554610  0.036133          -0.299372    0.889482   \n",
       "\n",
       "                   peak-rpm  city-mpg  highway-mpg     price  city-L/100km  \n",
       "Unnamed: 0        -0.195662  0.027956    -0.078346 -0.118214     -0.099157  \n",
       "symboling          0.279740 -0.035527    -0.029807 -0.082391      0.066171  \n",
       "normalized-losses  0.239543 -0.225016     0.181189  0.133999      0.238567  \n",
       "wheel-base        -0.360305 -0.470606     0.577576  0.584642      0.476153  \n",
       "length            -0.285970 -0.665192     0.707108  0.690628      0.657373  \n",
       "width             -0.245800 -0.633531     0.736728  0.751265      0.673363  \n",
       "height            -0.309974 -0.049800     0.084301  0.135486      0.003811  \n",
       "curb-weight       -0.279361 -0.749543     0.836921  0.834415      0.785353  \n",
       "engine-size       -0.256733 -0.650546     0.783465  0.872335      0.745059  \n",
       "bore              -0.267392 -0.582027     0.559112  0.543155      0.554610  \n",
       "stroke            -0.063561 -0.033956     0.047089  0.082269      0.036133  \n",
       "compression-ratio -0.435780  0.331425    -0.223361  0.071107     -0.299372  \n",
       "horsepower         0.107884 -0.822192     0.840627  0.809607      0.889482  \n",
       "peak-rpm           1.000000 -0.115413     0.017694 -0.101616      0.115830  \n",
       "city-mpg          -0.115413  1.000000    -0.909024 -0.686571     -0.949713  \n",
       "highway-mpg        0.017694 -0.909024     1.000000  0.801118      0.958306  \n",
       "price             -0.101616 -0.686571     0.801118  1.000000      0.789898  \n",
       "city-L/100km       0.115830 -0.949713     0.958306  0.789898      1.000000  "
      ]
     },
     "execution_count": 8,
     "metadata": {},
     "output_type": "execute_result"
    }
   ],
   "source": [
    "# Select only numeric columns for correlation\n",
    "numeric_df = df.select_dtypes(include=['float64', 'int64'])\n",
    "numeric_df.corr()"
   ]
  },
  {
   "cell_type": "markdown",
   "id": "3472dbad-6993-4bd6-b19a-2a49aa50d401",
   "metadata": {},
   "source": [
    "The diagonal elements are always one; we will study correlation more precisely Pearson correlation in-depth at the end of the notebook.\n"
   ]
  },
  {
   "cell_type": "markdown",
   "id": "c14d8794-8313-4daa-94db-0dfe7067c1c9",
   "metadata": {},
   "source": [
    "<div class=\"alert alert-danger alertdanger\" style=\"margin-top: 20px\">\n",
    "<h3> Question  #2: </h3>\n",
    "\n",
    "<p>Find the correlation between the following columns: bore, stroke, compression-ratio, and horsepower.</p>\n",
    "<p>Hint: if you would like to select those columns, use the following syntax: df[['bore','stroke','compression-ratio','horsepower']]</p>\n",
    "</div>\n"
   ]
  },
  {
   "cell_type": "code",
   "execution_count": 9,
   "id": "8804f698-e4b8-486b-b0df-82174c707ac9",
   "metadata": {},
   "outputs": [
    {
     "data": {
      "text/html": [
       "<div>\n",
       "<style scoped>\n",
       "    .dataframe tbody tr th:only-of-type {\n",
       "        vertical-align: middle;\n",
       "    }\n",
       "\n",
       "    .dataframe tbody tr th {\n",
       "        vertical-align: top;\n",
       "    }\n",
       "\n",
       "    .dataframe thead th {\n",
       "        text-align: right;\n",
       "    }\n",
       "</style>\n",
       "<table border=\"1\" class=\"dataframe\">\n",
       "  <thead>\n",
       "    <tr style=\"text-align: right;\">\n",
       "      <th></th>\n",
       "      <th>bore</th>\n",
       "      <th>stroke</th>\n",
       "      <th>compression-ratio</th>\n",
       "      <th>horsepower</th>\n",
       "    </tr>\n",
       "  </thead>\n",
       "  <tbody>\n",
       "    <tr>\n",
       "      <th>bore</th>\n",
       "      <td>1.000000</td>\n",
       "      <td>-0.055390</td>\n",
       "      <td>0.001263</td>\n",
       "      <td>0.566903</td>\n",
       "    </tr>\n",
       "    <tr>\n",
       "      <th>stroke</th>\n",
       "      <td>-0.055390</td>\n",
       "      <td>1.000000</td>\n",
       "      <td>0.187871</td>\n",
       "      <td>0.098128</td>\n",
       "    </tr>\n",
       "    <tr>\n",
       "      <th>compression-ratio</th>\n",
       "      <td>0.001263</td>\n",
       "      <td>0.187871</td>\n",
       "      <td>1.000000</td>\n",
       "      <td>-0.214489</td>\n",
       "    </tr>\n",
       "    <tr>\n",
       "      <th>horsepower</th>\n",
       "      <td>0.566903</td>\n",
       "      <td>0.098128</td>\n",
       "      <td>-0.214489</td>\n",
       "      <td>1.000000</td>\n",
       "    </tr>\n",
       "  </tbody>\n",
       "</table>\n",
       "</div>"
      ],
      "text/plain": [
       "                       bore    stroke  compression-ratio  horsepower\n",
       "bore               1.000000 -0.055390           0.001263    0.566903\n",
       "stroke            -0.055390  1.000000           0.187871    0.098128\n",
       "compression-ratio  0.001263  0.187871           1.000000   -0.214489\n",
       "horsepower         0.566903  0.098128          -0.214489    1.000000"
      ]
     },
     "execution_count": 9,
     "metadata": {},
     "output_type": "execute_result"
    }
   ],
   "source": [
    "df[['bore', 'stroke', 'compression-ratio', 'horsepower']].corr()"
   ]
  },
  {
   "cell_type": "markdown",
   "id": "5b2f0fb1-7efc-4244-a575-41e6be689e99",
   "metadata": {},
   "source": [
    "<h2>Continuous Numerical Variables:</h2> \n",
    "\n",
    "<p>Continuous numerical variables are variables that may contain any value within some range. They can be of type \"int64\" or \"float64\". A great way to visualize these variables is by using scatterplots with fitted lines.</p>\n",
    "\n",
